0.000000 0.058451 
2.000000 0.058475 
4.000000 0.058545 
6.000000 0.058661 
8.000000 0.058824 
10.000000 0.059031 
12.000000 0.059284 
14.000000 0.059579 
16.000000 0.059917 
18.000000 0.060296 
20.000000 0.060715 
22.000000 0.061171 
24.000000 0.061663 
26.000000 0.062188 
28.000000 0.062745 
30.000000 0.063331 
32.000000 0.063944 
34.000000 0.064579 
36.000000 0.065236 
38.000000 0.065909 
40.000000 0.066597 
42.000000 0.067296 
44.000000 0.068002 
46.000000 0.068713 
48.000000 0.069423 
50.000000 0.070131 
52.000000 0.070831 
54.000000 0.071521 
56.000000 0.072197 
58.000000 0.072856 
60.000000 0.073493 
62.000000 0.074107 
64.000000 0.074693 
66.000000 0.075248 
68.000000 0.075770 
70.000000 0.076256 
72.000000 0.076703 
74.000000 0.077110 
76.000000 0.077474 
78.000000 0.077793 
80.000000 0.078066 
82.000000 0.078291 
84.000000 0.078467 
86.000000 0.078593 
88.000000 0.078669 
90.000000 0.078695 
92.000000 0.078669 
94.000000 0.078593 
96.000000 0.078467 
98.000000 0.078291 
100.000000 0.078066 
102.000000 0.077793 
104.000000 0.077474 
106.000000 0.077110 
108.000000 0.076703 
110.000000 0.076256 
112.000000 0.075770 
114.000000 0.075248 
116.000000 0.074693 
118.000000 0.074107 
120.000000 0.073493 
122.000000 0.072856 
124.000000 0.072197 
126.000000 0.071521 
128.000000 0.070831 
130.000000 0.070131 
132.000000 0.069423 
134.000000 0.068713 
136.000000 0.068002 
138.000000 0.067296 
140.000000 0.066597 
142.000000 0.065909 
144.000000 0.065236 
146.000000 0.064579 
148.000000 0.063944 
150.000000 0.063331 
152.000000 0.062745 
154.000000 0.062188 
156.000000 0.061663 
158.000000 0.061171 
160.000000 0.060715 
162.000000 0.060296 
164.000000 0.059917 
166.000000 0.059579 
168.000000 0.059284 
170.000000 0.059031 
172.000000 0.058824 
174.000000 0.058661 
176.000000 0.058545 
178.000000 0.058475 
180.000000 0.058451 
