   2.0000000e+00  -3.9814205e-01  -5.4106483e-02   9.1572671e-01
   3.0000000e+00   1.3595416e-01  -6.6545983e-01  -7.3394801e-01
   4.0000000e+00   2.7710036e-01   8.2616960e-01   4.9057027e-01
   5.0000000e+00  -4.0499860e-01  -8.8567875e-01  -2.2704467e-01
   6.0000000e+00   5.4125807e-01   7.3325150e-01   4.1156038e-01
   7.0000000e+00  -7.7011354e-01  -5.9601872e-01   2.2734735e-01
   8.0000000e+00   8.0451626e-01  -2.7517658e-01  -5.2633775e-01
   9.0000000e+00   7.7648384e-01  -6.2629552e-01   6.9474870e-02
   1.0000000e+01   9.1937531e-01   3.9081104e-01   4.4897351e-02
   1.1000000e+01   5.4119865e-01   4.8208467e-01  -6.8898359e-01
   1.2000000e+01  -7.0012649e-01  -7.1033242e-01  -7.2462071e-02
   1.3000000e+01   4.1638094e-01   9.0726142e-01   5.9191409e-02
   1.4000000e+01  -3.9025709e-01  -7.5792034e-01  -5.2273910e-01
   1.5000000e+01  -1.2244841e-01   7.4285366e-01   6.5816018e-01
   1.6000000e+01   1.8350807e-01  -4.3226346e-01  -8.8287773e-01
   1.7000000e+01  -5.9208308e-01   1.4802077e-01   7.9216632e-01
   1.8000000e+01   4.0646775e-01   2.3067045e-01  -8.8406737e-01
   2.0000000e+01  -2.5080662e-01  -8.9617487e-01   3.6601454e-01
   2.1000000e+01  -7.7610607e-01  -8.2607873e-02   6.2516823e-01
   2.2000000e+01   2.9314497e-01  -8.5696385e-01  -4.2388558e-01
   2.3000000e+01   6.7621741e-01   6.7215604e-01   3.0155641e-01
   2.4000000e+01   8.0614679e-01   3.4796969e-01   4.7858588e-01
   2.5000000e+01   5.1085020e-01   4.7942886e-01   7.1356853e-01
   2.6000000e+01   5.5799273e-01   7.1480091e-01   4.2154925e-01
   2.7000000e+01   8.0033179e-01   5.1954958e-01   2.9922776e-01
   2.8000000e+01   7.0429066e-01   3.2764826e-01   6.2977875e-01
   2.9000000e+01   4.1998310e-01   6.4730406e-01   6.3609091e-01
   3.0000000e+01   6.7399136e-01   6.6277517e-01   3.2628931e-01
   3.1000000e+01   8.1340845e-01   3.2454691e-01   4.8273802e-01
   3.2000000e+01   5.9336082e-01   3.7694669e-01   7.1122017e-01
   3.3000000e+01   4.9826174e-01   6.8306784e-01   5.3399773e-01
   3.4000000e+01   8.2440880e-01   4.3052460e-01   3.6742170e-01
   3.5000000e+01   5.8223451e-01  -2.9315304e-01   7.5832992e-01
   3.6000000e+01  -2.6812147e-01  -2.8538687e-01   9.2014413e-01
   3.9000000e+01   1.6963365e-01  -7.8620626e-01  -5.9422566e-01
   4.0000000e+01   1.6332024e-02  -9.9319123e-01   1.1534492e-01
   4.1000000e+01   9.0541143e-01  -4.1701945e-01  -7.9529382e-02
   4.2000000e+01  -9.7013099e-01  -2.0628048e-01  -1.2764881e-01
   4.3000000e+01   9.8883011e-01   1.1825185e-01  -9.0727711e-02
   4.4000000e+01  -7.8193355e-01  -5.9308537e-01  -1.9191058e-01
   4.5000000e+01   6.9650765e-01   7.0162151e-01  -1.5034747e-01
   4.6000000e+01  -7.4658020e-01  -6.6283249e-01  -5.7193558e-02
   4.7000000e+01  -4.9318102e-01  -7.7499875e-01  -3.9515746e-01
   4.8000000e+01  -2.6826512e-01  -7.6486277e-01   5.8567805e-01
   4.9000000e+01   3.2607851e-01   9.4155170e-01  -8.4576614e-02
   5.0000000e+01  -8.3391958e-01  -4.0674019e-01  -3.7301550e-01
   5.1000000e+01   2.0930084e-01   2.1644770e-01   9.5359507e-01
   5.2000000e+01   6.1605799e-02   6.4480736e-01  -7.6185838e-01
   5.3000000e+01  -2.2762937e-01   9.5645165e-01  -1.8271595e-01
   5.4000000e+01  -7.4948427e-01   1.4522527e-01  -6.4589701e-01
   5.5000000e+01   4.7559415e-01   6.0753317e-01   6.3617109e-01
   5.6000000e+01   2.2668572e-01  -9.3113957e-01  -2.8564434e-01
   5.7000000e+01   5.3677405e-01  -7.7019878e-01  -3.4448143e-01
   5.8000000e+01   2.0408426e-01  -6.4068244e-01  -7.4018621e-01
   5.9000000e+01  -2.5504960e-02  -9.4164311e-01  -3.3564527e-01
   6.0000000e+01   9.5788586e-01  -2.8233506e-01  -5.2360320e-02
   6.1000000e+01   8.6363042e-01  -1.7129860e-01  -4.7413004e-01
   6.2000000e+01  -6.7295297e-01   7.3013866e-01  -1.1845606e-01
   6.3000000e+01   5.7458656e-01  -1.4415784e-01   8.0564806e-01
   6.4000000e+01   4.5776640e-01  -7.1672556e-01  -5.2607452e-01
   6.5000000e+01   8.1715866e-01  -5.7405396e-01   5.2093865e-02
   6.6000000e+01  -6.4455972e-02   8.1848853e-01   5.7089575e-01
   6.7000000e+01  -1.6863568e-01  -9.5969035e-01  -2.2484758e-01
   6.8000000e+01   7.7431445e-01   5.7792294e-01   2.5776386e-01
   6.9000000e+01  -9.4136011e-01  -3.2809619e-01   7.8702202e-02
   7.0000000e+01   9.6923994e-01  -1.4816407e-01   1.9652317e-01
   7.1000000e+01  -8.8006081e-01   4.7175353e-01   5.4236306e-02
   7.2000000e+01   4.9181267e-01  -8.6832485e-01   6.4282569e-02
   7.3000000e+01  -4.0198557e-01   8.6926829e-01   2.8771556e-01
   7.4000000e+01   1.7031792e-01  -9.8417242e-01  -4.8953654e-02
   7.5000000e+01  -1.8410905e-02  -9.4509312e-01   3.2628215e-01
   7.6000000e+01   1.8158520e-01  -4.3866088e-02  -9.8239635e-01
