 17-Oct-2007       (100_inc - 0.008 *add.dat) /  1.0000                       
100_inc.dat   Conc = .10E+01  Mult = .10E+01  N1 =    1  N2 =  182  SCALE =  1
 Web\add.dat  Conc = .10E+01  Mult = .81E-02  N1 =    1  N2 =  182  SCALE =  1
  0.102600E-01  0.518900E+00  0.857337E-02
  0.113400E-01  0.515940E+00  0.787129E-02
  0.124100E-01  0.513050E+00  0.643103E-02
  0.134900E-01  0.503640E+00  0.661120E-02
  0.145700E-01  0.506680E+00  0.611779E-02
  0.156500E-01  0.508210E+00  0.622148E-02
  0.167300E-01  0.503490E+00  0.526143E-02
  0.178100E-01  0.503600E+00  0.525145E-02
  0.188900E-01  0.491380E+00  0.517037E-02
  0.199700E-01  0.485770E+00  0.501189E-02
  0.210500E-01  0.480520E+00  0.502121E-02
  0.221300E-01  0.475760E+00  0.411684E-02
  0.232100E-01  0.467060E+00  0.438686E-02
  0.242900E-01  0.471960E+00  0.431641E-02
  0.253600E-01  0.463760E+00  0.393525E-02
  0.264400E-01  0.456080E+00  0.396775E-02
  0.275200E-01  0.452940E+00  0.374633E-02
  0.286000E-01  0.451820E+00  0.379268E-02
  0.296800E-01  0.444190E+00  0.334982E-02
  0.307600E-01  0.437810E+00  0.359103E-02
  0.318400E-01  0.436560E+00  0.347266E-02
  0.329200E-01  0.422950E+00  0.331728E-02
  0.339900E-01  0.417440E+00  0.306510E-02
  0.350700E-01  0.415230E+00  0.307314E-02
  0.361500E-01  0.407350E+00  0.304935E-02
  0.372300E-01  0.397970E+00  0.298447E-02
  0.383100E-01  0.391720E+00  0.302407E-02
  0.393900E-01  0.388750E+00  0.295679E-02
  0.404600E-01  0.381840E+00  0.284903E-02
  0.415400E-01  0.371050E+00  0.268478E-02
  0.425900E-01  0.366320E+00  0.222860E-02
  0.426200E-01  0.365940E+00  0.269634E-02
  0.437000E-01  0.360080E+00  0.255267E-02
  0.447700E-01  0.352200E+00  0.258358E-02
  0.458500E-01  0.344020E+00  0.265800E-02
  0.466400E-01  0.339860E+00  0.215042E-02
  0.469300E-01  0.338320E+00  0.247001E-02
  0.480100E-01  0.335210E+00  0.238618E-02
  0.490800E-01  0.322760E+00  0.244761E-02
  0.501600E-01  0.316120E+00  0.246946E-02
  0.506900E-01  0.315290E+00  0.207450E-02
  0.512400E-01  0.311680E+00  0.238556E-02
  0.523100E-01  0.305100E+00  0.238908E-02
  0.533900E-01  0.294930E+00  0.226525E-02
  0.544700E-01  0.289790E+00  0.231152E-02
  0.547400E-01  0.285340E+00  0.194857E-02
  0.555400E-01  0.281240E+00  0.211102E-02
  0.566200E-01  0.273330E+00  0.216878E-02
  0.577000E-01  0.266720E+00  0.221756E-02
  0.587700E-01  0.264270E+00  0.211806E-02
  0.587800E-01  0.262100E+00  0.190043E-02
  0.598500E-01  0.256960E+00  0.213266E-02
  0.609200E-01  0.250860E+00  0.214959E-02
  0.620000E-01  0.241270E+00  0.199820E-02
  0.628300E-01  0.236200E+00  0.168258E-02
  0.630700E-01  0.234530E+00  0.208292E-02
  0.641500E-01  0.228210E+00  0.207912E-02
  0.652300E-01  0.223600E+00  0.196435E-02
  0.663000E-01  0.213750E+00  0.209875E-02
  0.668700E-01  0.211290E+00  0.165109E-02
  0.673800E-01  0.210120E+00  0.210847E-02
  0.684500E-01  0.204520E+00  0.213639E-02
  0.695200E-01  0.198990E+00  0.225969E-02
  0.706000E-01  0.192920E+00  0.243820E-02
  0.709100E-01  0.189230E+00  0.140490E-02
  0.716700E-01  0.186920E+00  0.238978E-02
  0.727500E-01  0.180710E+00  0.249754E-02
  0.738200E-01  0.175060E+00  0.262359E-02
  0.749000E-01  0.168160E+00  0.267811E-02
  0.749500E-01  0.169870E+00  0.145663E-02
  0.759700E-01  0.162780E+00  0.275118E-02
  0.770400E-01  0.154450E+00  0.309967E-02
  0.781200E-01  0.152520E+00  0.338778E-02
  0.789800E-01  0.152140E+00  0.132886E-02
  0.830200E-01  0.134710E+00  0.113935E-02
  0.870500E-01  0.118150E+00  0.109461E-02
  0.910700E-01  0.103050E+00  0.111058E-02
  0.951000E-01  0.915500E-01  0.929362E-03
  0.991200E-01  0.801800E-01  0.859912E-03
  0.103100E+00  0.734500E-01  0.917574E-03
  0.107200E+00  0.658000E-01  0.842440E-03
  0.111200E+00  0.581800E-01  0.886656E-03
  0.115200E+00  0.523300E-01  0.774897E-03
  0.119200E+00  0.472500E-01  0.774117E-03
  0.123200E+00  0.427000E-01  0.781386E-03
  0.127200E+00  0.400000E-01  0.727776E-03
  0.131200E+00  0.375300E-01  0.762483E-03
  0.135200E+00  0.339100E-01  0.745483E-03
  0.139100E+00  0.305700E-01  0.673478E-03
  0.143100E+00  0.284500E-01  0.673508E-03
  0.147100E+00  0.273800E-01  0.650753E-03
  0.151100E+00  0.260600E-01  0.650206E-03
  0.155000E+00  0.239400E-01  0.620894E-03
  0.159000E+00  0.223200E-01  0.646987E-03
  0.163000E+00  0.206600E-01  0.691834E-03
  0.166900E+00  0.189500E-01  0.654179E-03
  0.170900E+00  0.177800E-01  0.626618E-03
  0.174800E+00  0.162600E-01  0.588000E-03
  0.178700E+00  0.149500E-01  0.560512E-03
  0.182700E+00  0.147400E-01  0.596078E-03
  0.186600E+00  0.135100E-01  0.535642E-03
  0.190500E+00  0.123900E-01  0.569536E-03
  0.194400E+00  0.120000E-01  0.530899E-03
  0.198300E+00  0.107100E-01  0.537706E-03
  0.202300E+00  0.100300E-01  0.534578E-03
  0.206100E+00  0.968000E-02  0.551867E-03
  0.210000E+00  0.808000E-02  0.585488E-03
  0.213900E+00  0.780000E-02  0.496066E-03
  0.217800E+00  0.738000E-02  0.552043E-03
  0.221700E+00  0.651000E-02  0.529067E-03
  0.225500E+00  0.737000E-02  0.510759E-03
  0.229400E+00  0.508000E-02  0.491583E-03
  0.233300E+00  0.570000E-02  0.561127E-03
  0.237100E+00  0.554000E-02  0.512586E-03
  0.240900E+00  0.492000E-02  0.509564E-03
  0.244800E+00  0.363000E-02  0.561470E-03
  0.248600E+00  0.210000E-02  0.597956E-03
  0.252400E+00  0.322000E-02  0.566397E-03
  0.256200E+00  0.337000E-02  0.554193E-03
  0.260000E+00  0.359000E-02  0.592205E-03
  0.263800E+00  0.300000E-02  0.558341E-03
  0.267600E+00  0.193000E-02  0.601006E-03
  0.271400E+00  0.200000E-02  0.584221E-03
  0.275200E+00  0.256000E-02  0.592464E-03
  0.278900E+00  0.132000E-02  0.597036E-03
  0.282700E+00  0.141000E-02  0.603459E-03
  0.286400E+00  0.116000E-02  0.566677E-03
  0.290200E+00  0.107000E-02  0.589024E-03
  0.293900E+00  0.118000E-02  0.623540E-03
  0.297600E+00  0.161000E-02  0.686388E-03
  0.301300E+00  0.850000E-03  0.610898E-03
  0.305000E+00  0.350000E-03  0.583283E-03
  0.308700E+00  0.550000E-03  0.622754E-03
  0.312400E+00  0.820000E-03  0.572577E-03
  0.316100E+00 -0.590000E-03  0.596658E-03
  0.319800E+00  0.111000E-02  0.540684E-03
  0.323500E+00  0.620000E-03  0.629303E-03
  0.327100E+00  0.210000E-03  0.707334E-03
  0.330800E+00  0.590000E-03  0.573076E-03
  0.334400E+00 -0.280000E-03  0.673132E-03
  0.338000E+00  0.420000E-03  0.580476E-03
  0.341600E+00  0.430000E-03  0.598813E-03
  0.345300E+00  0.760000E-03  0.636687E-03
  0.348900E+00 -0.100000E-03  0.560210E-03
  0.352500E+00 -0.390000E-03  0.630386E-03
  0.356000E+00  0.290000E-03  0.649340E-03
  0.359600E+00 -0.100000E-03  0.622833E-03
  0.363200E+00 -0.120000E-03  0.620158E-03
  0.366700E+00  0.280000E-03  0.620107E-03
  0.370300E+00  0.550000E-03  0.650397E-03
  0.373800E+00 -0.520000E-03  0.647753E-03
  0.377300E+00  0.700000E-04  0.593916E-03
  0.380900E+00 -0.500000E-03  0.680683E-03
  0.384400E+00  0.480000E-03  0.630034E-03
  0.387900E+00 -0.210000E-03  0.654831E-03
  0.391400E+00 -0.560000E-03  0.607916E-03
  0.394800E+00 -0.760000E-03  0.659910E-03
  0.398300E+00 -0.280000E-03  0.660797E-03
  0.401800E+00 -0.108000E-02  0.647511E-03
  0.405200E+00  0.210000E-03  0.659606E-03
  0.408700E+00  0.110000E-03  0.607711E-03
  0.412100E+00 -0.120000E-03  0.696785E-03
  0.415500E+00 -0.830000E-03  0.659345E-03
  0.418900E+00 -0.650000E-03  0.694097E-03
  0.422300E+00  0.530000E-03  0.656552E-03
  0.425700E+00 -0.700000E-03  0.673841E-03
  0.429100E+00  0.220000E-03  0.626168E-03
  0.432500E+00  0.780000E-03  0.675448E-03
  0.435800E+00 -0.112000E-02  0.761501E-03
  0.439200E+00 -0.660000E-03  0.967358E-03
  0.442500E+00 -0.210000E-03  0.883223E-03
  0.445800E+00  0.920000E-03  0.100357E-02
  0.449100E+00 -0.460000E-03  0.102261E-02
  0.452500E+00  0.161000E-02  0.112006E-02
  0.455700E+00  0.630000E-03  0.112025E-02
  0.459000E+00  0.114000E-02  0.145921E-02
  0.462300E+00 -0.160000E-03  0.157944E-02
  0.465600E+00 -0.290000E-03  0.165901E-02
  0.468800E+00 -0.302000E-02  0.105311E-02
  0.472100E+00 -0.200000E-03  0.282916E-02
  0.475300E+00 -0.126000E-02  0.310533E-02
  0.478500E+00 -0.443000E-02  0.446440E-02
----------Z:\ContrastCalc\NCVWeb\100_inc.dat-----------------------------
 10-Oct-2006       (100S.dat - 1.000 *100B.dat) /  1.0000                       
100S.dat      Conc = .10E+01  Mult = .10E+01  N1 =    1  N2 =  182  SCALE =  1  
 ug\100B.dat  Conc = .10E+01  Mult = .10E+01  N1 =    1  N2 =  182  SCALE =  1  
----------Z:\ContrastCalc\NCVWeb\add.dat-----------------------------
# Background correction file                                                    
