0.752586 0.074733 0.002345 0.073547 0.073472 119.828590 1.000000 
0.521304 0.073958 0.002271 0.068791 0.068856 46.220971 2.000000 
0.712594 0.075961 0.002399 0.072720 0.072674 57.581298 3.000000 
0.997103 0.081365 0.002568 0.078634 0.078352 86.914662 4.000000 
0.788065 0.077679 0.002404 0.074282 0.074180 117.410577 5.000000 
0.847873 0.078287 0.002431 0.075525 0.075373 112.956656 6.000000 
0.923654 0.073594 0.002270 0.077102 0.076886 106.039972 7.000000 
0.402764 0.063194 0.001922 0.066387 0.066490 39.393034 8.000000 
0.574042 0.068429 0.002075 0.069869 0.069908 130.742074 9.000000 
0.999952 0.079063 0.002424 0.078694 0.078409 90.395366 10.000000 
0.980049 0.072798 0.002265 0.078278 0.078011 81.879850 11.000000 
0.744729 0.076687 0.002399 0.073384 0.073315 120.347494 12.000000 
0.802187 0.077586 0.002424 0.074575 0.074462 63.591925 13.000000 
0.948921 0.086515 0.002751 0.077629 0.077390 76.937984 14.000000 
0.696653 0.074462 0.002317 0.072390 0.072355 56.580168 15.000000 
0.575959 0.073329 0.002322 0.069908 0.069947 49.369040 16.000000 
0.902125 0.075839 0.002311 0.076654 0.076456 71.768931 17.000000 
0.948331 0.082323 0.002510 0.077617 0.077378 76.861352 18.000000 
0.958250 0.075514 0.002328 0.077824 0.077576 78.209869 19.000000 
0.865233 0.070584 0.002187 0.075886 0.075720 111.537243 20.000000 
0.993777 0.082364 0.002583 0.078565 0.078285 94.524390 21.000000 
0.036812 0.059871 0.001806 0.059160 0.059186 11.061556 22.000000 
0.545645 0.065525 0.001974 0.069288 0.069342 132.381081 23.000000 
0.962875 0.080620 0.002516 0.077920 0.077669 78.890838 24.000000 
0.700474 0.072957 0.002229 0.072469 0.072432 123.181291 25.000000 
0.070283 0.060692 0.001815 0.059807 0.059854 164.626563 26.000000 
0.823436 0.072643 0.002290 0.075017 0.074886 114.846891 27.000000 
0.386229 0.066228 0.001996 0.066054 0.066160 141.576188 28.000000 
0.986979 0.069750 0.002138 0.078423 0.078150 83.447654 29.000000 
0.800281 0.078521 0.002416 0.074536 0.074424 63.455113 30.000000 
0.974508 0.075359 0.002398 0.078163 0.077901 80.812799 31.000000 
0.860761 0.078152 0.002427 0.075793 0.075631 68.090119 32.000000 
0.712719 0.073470 0.002243 0.072722 0.072676 122.410797 33.000000 
0.870916 0.076450 0.002348 0.076004 0.075833 111.056106 34.000000 
0.556901 0.066524 0.002056 0.069518 0.069566 131.732757 35.000000 
0.992002 0.078104 0.002441 0.078528 0.078250 95.131024 36.000000 
0.312183 0.064538 0.002003 0.064569 0.064682 33.968244 37.000000 
0.951673 0.081393 0.002559 0.077686 0.077445 77.300703 38.000000 
0.003783 0.058935 0.001778 0.058524 0.058527 3.526386 39.000000 
0.818463 0.075251 0.002321 0.074913 0.074786 115.218504 40.000000 
0.423098 0.069339 0.002116 0.066798 0.066896 139.423702 41.000000 
0.109580 0.061845 0.001913 0.060570 0.060638 160.668803 42.000000 
0.558518 0.066722 0.002080 0.069551 0.069598 131.639460 43.000000 
0.725287 0.069169 0.002124 0.072982 0.072927 121.609723 44.000000 
0.836797 0.078862 0.002466 0.075294 0.075152 113.827500 45.000000 
0.427712 0.060631 0.001818 0.066891 0.066988 40.843616 46.000000 
0.785935 0.076744 0.002394 0.074238 0.074137 117.559633 47.000000 
0.986451 0.080899 0.002503 0.078412 0.078139 96.684311 48.000000 
0.965427 0.073056 0.002294 0.077973 0.077720 79.284157 49.000000 
0.766244 0.074847 0.002343 0.073830 0.073744 61.086846 50.000000 
