0.000000 0.058624 0.058624 
3.673469 0.058718 0.058674 
7.346939 0.058999 0.058825 
11.020408 0.059465 0.059074 
14.693878 0.060108 0.059417 
18.367347 0.060923 0.059850 
22.040816 0.061897 0.060366 
25.714286 0.063018 0.060956 
29.387755 0.064270 0.061613 
33.061224 0.065636 0.062325 
36.734694 0.067095 0.063082 
40.408163 0.068624 0.063871 
44.081633 0.070198 0.064680 
47.755102 0.071791 0.065494 
51.428571 0.073376 0.066301 
55.102041 0.074925 0.067086 
58.775510 0.076410 0.067838 
62.448980 0.077805 0.068541 
66.122449 0.079084 0.069186 
69.795918 0.080226 0.069760 
73.469388 0.081210 0.070254 
77.142857 0.082017 0.070660 
80.816327 0.082636 0.070971 
84.489796 0.083054 0.071181 
88.163265 0.083265 0.071286 
91.836735 0.083265 0.071286 
95.510204 0.083054 0.071181 
99.183673 0.082636 0.070971 
102.857143 0.082017 0.070660 
106.530612 0.081210 0.070254 
110.204082 0.080226 0.069760 
113.877551 0.079084 0.069186 
117.551020 0.077805 0.068541 
121.224490 0.076410 0.067838 
124.897959 0.074925 0.067086 
128.571429 0.073376 0.066301 
132.244898 0.071791 0.065494 
135.918367 0.070198 0.064680 
139.591837 0.068624 0.063871 
143.265306 0.067095 0.063082 
146.938776 0.065636 0.062325 
150.612245 0.064270 0.061613 
154.285714 0.063018 0.060956 
157.959184 0.061897 0.060366 
161.632653 0.060923 0.059850 
165.306122 0.060108 0.059417 
168.979592 0.059465 0.059074 
172.653061 0.058999 0.058825 
176.326531 0.058718 0.058674 
180.000000 0.058624 0.058624 
