   1.0000000e+00   1.7372028e+00
   2.0000000e+00   5.2434827e-01
   3.0000000e+00   6.6400579e-01
   4.0000000e+00   4.9945531e-01
   5.0000000e+00   5.3823489e-01
   6.0000000e+00   4.6712598e-01
   7.0000000e+00   1.0984498e+00
   8.0000000e+00  -1.5402411e+00
   9.0000000e+00  -1.1523920e+00
   1.0000000e+01   5.0341232e-01
   1.1000000e+01   5.9448100e-02
   1.2000000e+01   6.2964302e-01
   1.3000000e+01   3.3005589e-01
   1.4000000e+01   1.4298947e+00
   1.5000000e+01   3.0412515e-01
   1.6000000e+01  -3.3709262e-01
   1.7000000e+01  -7.8285831e-01
   1.8000000e+01   7.1711486e-01
   1.9000000e+01   4.7124853e-01
   2.0000000e+01  -2.3609807e-02
   2.1000000e+01  -1.3448477e-01
   2.2000000e+01  -3.3803082e-02
   2.3000000e+01  -7.0766613e-01
   2.4000000e+01  -3.2813120e-01
   2.5000000e+01  -4.4354811e-01
   2.6000000e+01   5.4969138e-01
   2.7000000e+01  -1.2472697e+00
   2.8000000e+01  -4.9789022e-02
   2.9000000e+01  -7.2412396e-01
   3.0000000e+01   8.8046143e-01
   3.1000000e+01  -8.6598119e-01
   3.2000000e+01  -1.1259269e-01
   3.3000000e+01  -3.5997219e-01
   3.4000000e+01  -9.1198349e-01
   3.5000000e+01  -9.9477156e-02
   3.6000000e+01  -1.1810213e+00
   3.7000000e+01  -3.6845804e-01
   3.8000000e+01   8.3526091e-02
   3.9000000e+01   1.0889412e-01
   4.0000000e+01  -8.5606951e-01
   4.1000000e+01   1.2339259e+00
   4.2000000e+01   1.1269413e+00
   4.3000000e+01  -1.8906586e-01
   4.4000000e+01  -8.5266827e-01
   4.5000000e+01   3.0099148e-02
   4.6000000e+01  -1.2232800e+00
   4.7000000e+01   1.7130707e-01
   4.8000000e+01  -1.4723975e-01
   4.9000000e+01   7.3199890e-01
   5.0000000e+01   7.8899324e-01
