   1.0000000e+00   5.0564911e-01
   2.0000000e+00   2.2749660e+00
   3.0000000e+00   1.3514193e+00
   4.0000000e+00   1.0632487e+00
   5.0000000e+00   1.4128727e+00
   6.0000000e+00   1.1364736e+00
   7.0000000e+00  -1.5457736e+00
   8.0000000e+00  -1.6616669e+00
   9.0000000e+00  -6.9397998e-01
   1.0000000e+01   1.5239065e-01
   1.1000000e+01  -2.4197485e+00
   1.2000000e+01   1.3769442e+00
   1.3000000e+01   1.2420391e+00
   1.4000000e+01   3.2295726e+00
   1.5000000e+01   8.9426987e-01
   1.6000000e+01   1.4733803e+00
   1.7000000e+01  -3.5262710e-01
   1.8000000e+01   1.8749439e+00
   1.9000000e+01  -9.9210544e-01
   2.0000000e+01  -2.4234731e+00
   2.1000000e+01   1.4708271e+00
   2.2000000e+01   3.9387576e-01
   2.3000000e+01  -1.9066699e+00
   2.4000000e+01   1.0730598e+00
   2.5000000e+01   2.1882789e-01
   2.6000000e+01   4.8748411e-01
   2.7000000e+01  -1.0362116e+00
   2.8000000e+01   8.7371186e-02
   2.9000000e+01  -4.0573038e+00
   3.0000000e+01   1.6495420e+00
   3.1000000e+01  -1.1693725e+00
   3.2000000e+01   9.7194235e-01
   3.3000000e+01   3.3333487e-01
   3.4000000e+01   1.8977661e-01
   3.5000000e+01  -1.4559673e+00
   3.6000000e+01  -1.7346407e-01
   3.7000000e+01  -1.5651371e-02
   3.8000000e+01   1.4485876e+00
   3.9000000e+01   2.3081652e-01
   4.0000000e+01   1.4549976e-01
   4.1000000e+01   1.2006343e+00
   4.2000000e+01   6.6603916e-01
   4.3000000e+01  -1.3601446e+00
   4.4000000e+01  -1.7952292e+00
   4.5000000e+01   1.4463775e+00
   4.6000000e+01  -3.4432995e+00
   4.7000000e+01   1.0463560e+00
   4.8000000e+01   9.9373984e-01
   4.9000000e+01  -2.1431001e+00
   5.0000000e+01   4.3394877e-01
