117.062094 0.002345 0.074733 
51.631554 0.002271 0.073958 
54.403404 0.002399 0.075961 
86.169064 0.002568 0.081365 
121.117075 0.002404 0.077679 
106.434372 0.002431 0.078287 
100.077782 0.002270 0.073594 
39.722268 0.001922 0.063194 
133.522763 0.002075 0.068429 
97.032357 0.002424 0.079063 
88.426325 0.002265 0.072798 
124.207857 0.002399 0.076687 
60.151275 0.002424 0.077586 
80.638979 0.002751 0.086515 
54.304092 0.002317 0.074462 
53.158458 0.002322 0.073329 
71.034450 0.002311 0.075839 
71.929211 0.002510 0.082323 
71.410608 0.002328 0.075514 
118.317172 0.002187 0.070584 
98.628618 0.002583 0.082364 
13.781472 0.001806 0.059871 
126.425319 0.001974 0.065525 
74.556516 0.002516 0.080620 
127.210865 0.002229 0.072957 
166.583756 0.001815 0.060692 
108.129112 0.002290 0.072643 
143.565294 0.001996 0.066228 
88.993188 0.002138 0.069750 
61.194496 0.002416 0.078521 
81.398035 0.002398 0.075359 
64.664336 0.002427 0.078152 
125.039309 0.002243 0.073470 
115.323033 0.002348 0.076450 
138.452199 0.002056 0.066524 
89.120433 0.002441 0.078104 
34.263058 0.002003 0.064538 
73.639992 0.002559 0.081393 
5.583261 0.001778 0.058935 
118.777426 0.002321 0.075251 
144.124336 0.002116 0.069339 
164.491481 0.001913 0.061845 
127.870039 0.002080 0.066722 
128.145480 0.002124 0.069169 
111.797504 0.002466 0.078862 
35.510786 0.001818 0.060631 
121.199160 0.002394 0.076744 
95.122142 0.002503 0.080899 
84.156059 0.002294 0.073056 
54.866936 0.002343 0.074847 
