1.000000 0.002345 0.074733 0.070659 0.073547 
2.000000 0.002271 0.073958 0.072767 0.068791 
3.000000 0.002399 0.075961 0.074368 0.072720 
4.000000 0.002568 0.081365 0.080082 0.078634 
5.000000 0.002404 0.077679 0.076385 0.074282 
6.000000 0.002431 0.078287 0.077152 0.075525 
7.000000 0.002270 0.073594 0.071101 0.077102 
8.000000 0.001922 0.063194 0.066154 0.066387 
9.000000 0.002075 0.068429 0.070820 0.069869 
10.000000 0.002424 0.079063 0.077843 0.078694 
11.000000 0.002265 0.072798 0.072664 0.078278 
12.000000 0.002399 0.076687 0.075177 0.073384 
13.000000 0.002424 0.077586 0.076786 0.074575 
14.000000 0.002751 0.086515 0.082581 0.077629 
15.000000 0.002317 0.074462 0.073758 0.072390 
16.000000 0.002322 0.073329 0.074111 0.069908 
17.000000 0.002311 0.075839 0.077648 0.076654 
18.000000 0.002510 0.082323 0.080523 0.077617 
19.000000 0.002328 0.075514 0.074418 0.077824 
20.000000 0.002187 0.070584 0.070636 0.075886 
21.000000 0.002583 0.082364 0.082711 0.078565 
22.000000 0.001806 0.059871 0.059932 0.059160 
23.000000 0.001974 0.065525 0.066922 0.069288 
24.000000 0.002516 0.080620 0.081445 0.077920 
25.000000 0.002229 0.072957 0.073946 0.072469 
26.000000 0.001815 0.060692 0.059694 0.059807 
27.000000 0.002290 0.072643 0.075500 0.075017 
28.000000 0.001996 0.066228 0.066328 0.066054 
29.000000 0.002138 0.069750 0.071298 0.078423 
30.000000 0.002416 0.078521 0.076394 0.074536 
31.000000 0.002398 0.075359 0.077435 0.078163 
32.000000 0.002427 0.078152 0.078425 0.075793 
33.000000 0.002243 0.073470 0.074277 0.072722 
34.000000 0.002348 0.076450 0.078591 0.076004 
35.000000 0.002056 0.066524 0.066729 0.069518 
36.000000 0.002441 0.078104 0.080987 0.078528 
37.000000 0.002003 0.064538 0.065276 0.064569 
38.000000 0.002559 0.081393 0.081179 0.077686 
39.000000 0.001778 0.058935 0.058741 0.058524 
40.000000 0.002321 0.075251 0.077238 0.074913 
41.000000 0.002116 0.069339 0.066727 0.066798 
42.000000 0.001913 0.061845 0.059689 0.060570 
43.000000 0.002080 0.066722 0.067115 0.069551 
44.000000 0.002124 0.069169 0.070980 0.072982 
45.000000 0.002466 0.078862 0.078787 0.075294 
46.000000 0.001818 0.060631 0.062855 0.066891 
47.000000 0.002394 0.076744 0.076333 0.074238 
48.000000 0.002503 0.080899 0.081268 0.078412 
49.000000 0.002294 0.073056 0.071377 0.077973 
50.000000 0.002343 0.074847 0.072998 0.073830 
