dstep 0.1
nstep 101
C 0 0 0 0 0 0 0 0 0 0 0 0 0 0 0 0 0 2.46914e-05 0.00010596 0.000225806 0.000957265 0.00174757 0.00208333 0.00569231 0.00613592 0.0179775 0.0516279 0.116516 0.188584 0.355253 0.517814 0.693284 0.75034 0.682843 0.721266 0.64795 0.650316 0.572444 0.477077 0.424193 0.426429 0.36825 0.29931 0.30829 0.274237 0.268245 0.261967 0.255379 0.241714 0.234903 0.240949 0.2256 0.27728 0.284392 0.290636 0.2904 0.284174 0.317956 0.368737 0.364356 0.368353 0.343556 0.364718 0.36487 0.392923 0.367289 0.3607 0.348952 0.333684 0.357073 0.3342 0.341478 0.323097 0.330417 0.328348 0.320857 0.3075 0.351217 0.335907 0.345756 0.351805 0.33312 0.325231 0.295805 0.344273 0.33313 0.369714 0.325905 0.356851 0.331429 0.326571 0.334537 0.346435 0.329867 0.344952 0.36072 0.34 0.320372 0.369176 0.335608 0 
HC 0 0 0 0 0 0 0 0 0 0 0 0 8.55615e-06 9.84252e-05 0.000373225 0.00126905 0.00260134 0.0055161 0.0115661 0.0179842 0.0461123 0.102319 0.180312 0.325928 0.445529 0.649094 0.627596 0.61459 0.61102 0.540644 0.500567 0.456993 0.423414 0.395674 0.365696 0.344586 0.343409 0.318399 0.306854 0.297554 0.288456 0.28809 0.278677 0.279039 0.272659 0.27528 0.282217 0.286493 0.298366 0.314449 0.32119 0.335201 0.346153 0.356615 0.360194 0.365547 0.371591 0.366839 0.364941 0.36777 0.36108 0.356047 0.361336 0.3489 0.343726 0.347198 0.34034 0.335421 0.338052 0.332508 0.331462 0.329594 0.331254 0.333163 0.325531 0.328886 0.335174 0.332186 0.332273 0.337387 0.336554 0.337767 0.337516 0.339218 0.340994 0.339744 0.342372 0.33905 0.346042 0.34258 0.345153 0.340501 0.339274 0.339895 0.33918 0.338429 0.337745 0.334616 0.33644 0.340102 0 
HN 0 0 0 0 0 0 0 0 0 0 0 0 0 0.00336082 0.0285055 0.0661187 0.0661346 0.305282 0.396908 0.475657 0.481714 0.550153 0.580585 0.430831 0.531771 0.475311 0.439018 0.505439 0.455278 0.433088 0.365544 0.359348 0.317141 0.343102 0.304766 0.294469 0.298013 0.290662 0.290099 0.287836 0.300509 0.306317 0.306197 0.310688 0.323421 0.309426 0.326552 0.327812 0.328671 0.348933 0.351327 0.344991 0.346556 0.344479 0.355918 0.35073 0.351157 0.350249 0.35926 0.353525 0.347545 0.348762 0.345682 0.348736 0.341414 0.338032 0.344825 0.327025 0.334464 0.33014 0.338171 0.342892 0.332281 0.335231 0.333572 0.333747 0.330462 0.335309 0.33522 0.337138 0.33976 0.336775 0.337376 0.338379 0.33842 0.339025 0.345473 0.343044 0.335015 0.339671 0.338696 0.337159 0.341012 0.342353 0.340447 0.334372 0.329613 0.338409 0.335066 0.332221 0 
HO 0 0 0 0 0 0 0 0 0 0 0 0 0.000571429 0.0103396 0.0935951 0.226462 0.396023 0.558469 0.936148 0.533297 0.525709 0.4943 0.331447 0.327636 0.37139 0.351333 0.352725 0.374893 0.340482 0.316352 0.332712 0.348242 0.329056 0.330977 0.338146 0.32035 0.325223 0.336864 0.325642 0.339332 0.341685 0.335467 0.33848 0.343531 0.333013 0.336668 0.338791 0.333673 0.333429 0.333426 0.33845 0.33871 0.327608 0.338651 0.333635 0.338584 0.337799 0.338763 0.342317 0.343538 0.337605 0.343273 0.347161 0.340633 0.34647 0.344758 0.336168 0.342247 0.341649 0.341416 0.327775 0.345695 0.339059 0.341154 0.335632 0.345312 0.335346 0.337724 0.337888 0.333568 0.338857 0.336769 0.332827 0.339114 0.340201 0.336068 0.331854 0.339605 0.345525 0.335432 0.336554 0.339282 0.341807 0.34618 0.337197 0.337369 0.330144 0.333734 0.334453 0.340512 0 
N 0 0 0 0 0 0 0 0 0 0 0 0 0 0.000146597 0.000831683 0.00768421 0.0213111 0.0467447 0.0764466 0.0973978 0.106419 0.100117 0.0779886 0.0695346 0.103223 0.146275 0.337967 0.563275 0.74952 0.916222 0.896874 0.674933 0.598119 0.494608 0.45724 0.427948 0.376 0.352212 0.315714 0.322775 0.28531 0.305528 0.282049 0.276381 0.282027 0.282877 0.270182 0.278507 0.282777 0.290587 0.306061 0.315833 0.31571 0.348271 0.358159 0.35988 0.379101 0.373079 0.359354 0.351107 0.364235 0.380333 0.368688 0.367789 0.360653 0.346718 0.332489 0.35749 0.333156 0.362042 0.336086 0.346588 0.325618 0.331576 0.335071 0.329417 0.323784 0.328082 0.335511 0.33236 0.323397 0.333652 0.344471 0.314747 0.356092 0.339216 0.350651 0.332932 0.337422 0.329608 0.324247 0.335573 0.322653 0.345053 0.343024 0.341079 0.359467 0.322247 0.328256 0.334549 0 
O 0 0 0 0 0 0 0 0 0 0 3.83509e-06 8.36966e-05 0.00142989 0.0113411 0.028933 0.0662708 0.105959 0.144755 0.151332 0.121652 0.105081 0.0825573 0.080789 0.181218 0.451107 0.687991 0.919793 1.02004 0.892411 0.702184 0.502547 0.370885 0.312339 0.264222 0.238965 0.244366 0.252804 0.256603 0.275097 0.283586 0.299347 0.314616 0.322208 0.32613 0.337603 0.343384 0.345675 0.35174 0.357712 0.354654 0.368461 0.364175 0.35983 0.353316 0.346477 0.34403 0.335171 0.329738 0.332614 0.328145 0.330416 0.332369 0.339792 0.340945 0.345778 0.346745 0.34624 0.346147 0.343244 0.343135 0.341363 0.341445 0.339324 0.340016 0.338271 0.330877 0.333207 0.334347 0.334357 0.330659 0.334707 0.333504 0.33719 0.338308 0.335062 0.33934 0.341768 0.343767 0.342001 0.344705 0.3392 0.341148 0.34021 0.33932 0.33878 0.340448 0.340438 0.33457 0.337612 0.337835 0 
P 0 0 0 0 0 0 0 0 0 0 0 0 0 0 0 0 0 0 0 0 0 0 0 0 0 0 0 0 0 0 0 0 0 0 0 0 0 0 0 0 0 0 0 0 0 0 0 0 0 0 0 0 0 0 0 0 0 0 0 0 0 0 0 0 0 0 0 0 0 0 0 0 0 0 0 0 0 0 0 0 0 0 0 0 0 0 0 0 0 0 0 0 0 0 0 0 0 0 0 0 0 
oull 0.257417 0 0 0 0 0 0 0 0 0 0 0 0 0 0 0 0 0 0 0 0 0 0 0 0 0 0 0 0 0 0 0 0 0 0 0 0 0 0 0 0 0 0 0 0 0 0 0 0 0 0 0 0 0 0 0 0 0 0 0 0 0 0 0 0 0 0 0 0 0 0 0 0 0 0 0 0 0 0 0 0 0 0 0 0 0 0 0 0 0 0 0 0 0 0 0 0 0 0 0 0 
pull 0.266667 0 0 0 0 0 0 0 0 0 0 0 0 0 0 0 0 0 0 0 0 0 0 0 0 0 0 0 0 0 0 0 0 0 0 0 0 0 0 0 0 0 0 0 0 0 0 0 0 0 0 0 0 0 0 0 0 0 0 0 0 0 0 0 0 0 0 0 0 0 0 0 0 0 0 0 0 0 0 0 0 0 0 0 0 0 0 0 0 0 0 0 0 0 0 0 0 0 0 0 0 
