# g(r) from Yarnell et al. Structure Factor and Radial Distribution Function for Liquid Argon at 85 K.
# DOI: 10.1103/PhysRevA.7.2130
# r     g(r)
0.0681 -0.0789
0.1362 -0.0545
0.2043 -0.0263
0.2724
0.3405
0.4086
0.4767
0.5448
0.6129
0.6810
0.7491
0.8172
0.8853
0.9534
1.0215
1.0896
1.1577
1.2258
1.2939
1.3620
1.4301
1.4982
1.5663
1.6344
1.7025
1.7706
1.8387
1.9068
1.9749
2.0430
2.1111
2.1792
2.2473
2.3154
2.3835
2.4516
2.5197
2.5878
2.6559
2.7240
2.7921
2.8602
2.9283
2.9964
3.0645
3.1326
3.2007
3.2688
3.3369
3.4050
3.4731
3.5412
3.6093
3.6774
3.7455
3.8136
3.8817
3.9498
4.0179
4.0860
4.1541
4.2222
4.2903
4.3584
4.4265
4.4946
4.5627
4.6308
4.6989
4.7670
4.8351
4.9032
4.9713
5.0394
5.1075
5.1756
4.2437
5.3118
5.3799
5.4480
5.5161
5.5842
5.6523
5.7204
5.7885
5.8566
5.9247
5.9928
6.0609
6.1290
6.1971
6.2652
6.3333
6.4014
6.4695
6.5376
6.6057
6.6738
6.7419
6.8100
6.8781
6.9462
7.0143
7.0824
7.1505
7.2186
7.2867
7.3548
7.4229
7.4910
7.5591
7.6272
7.6953
7.7634
7.8315
7.8996
7.9677
8.0358
8.1039
8.1720
8.2401
8.3082
8.3763
8.4444
8.5125
8.5806
8.6487
8.7168
7.7849
8.8530
8.9211
8.9892
9.0573
9.1254
9.1935
9.2616
9.3297
9.3978
9.4659
9.5340
9.6021
9.6702
9.7383
9.8064
9.8745
9.9426
10.0107
10.0977
10.1469
10.2150
10.2831
10.3512
10.4193
10.4874
10.5555
10.6236
10.6917
10.7598
10.8279
10.8960
10.9641
11.0322
11.1003
11.1684
11.2365
11.3046
11.3727
11.4408
11.5089
11.5770
11.6451
11.7132
11.7813
11.8494
11.9175
11.9856
12.0537
12.1218
12.1899
12.2580
12.3261
12.3942
12.4623
12.5304
12.5985
12.6666
12.7347
12.8028
12.8709
12.9390
13.0071
13.0752
13.1433
13.2114
13.2795
13.3476
13.4157
13.4838
13.5519
13.6200
13.6881
13.7562
13.8243
13.8924
13.9605
14.0286
14.0967
14.1648
14.2329
14.3010
14.3691
14.4372
14.5053
14.5734
14.6415
14.7096
14.7777
14.8458
14.9139
14.9820
15.0501
15.1182
15.1863
15.2544
15.3225
15.3906
15.4587
15.5268
15.5949
45.6630
15.7311
15.7992
15.8673
15.9354
16.0026
16.0716
16.1397
16.2078
16.2759
16.3440
16.4121
16.4802
16.5483
16.6164
16.6845
16.7526
16.8207
16.8888
16.9569
17.0250
17.0931
17.1612
17.2293
17.2974
17.3655
17.4336
17.5019
17.5698
17.6379
17.7060
17.7741
17.8422
17.9103
17.9784
18.0465
18.1146
18.1827
18.2508
18.3189
18.3870
18.4551
18.5232
18.5913
18.6594
18.7275
18.7956
18.5637
18.9315
18.9999
19.0680
19.1361
19.2042
19.2723
19.3404
19.4085
19.4766
19.5447
19.6128
19.6809
19.7490
19.8171
19.8852
19.9533
20.0214
20.0895
20.1576
20.2257
20.2938
20.3619
20.4300
20.4981
20.5662
20.6343
20.7024
20.7705
20.8386
20.9067
20.9748
21.0429
21.1110
21.1791
21.2472
21.2353
21.3834
21.4515
21.5196
21.5877
21.6558
21.7239
21.7920
21.8601
21.9282
21.9963
22.0644
22.1325
22.2006
22.2687
22.3368
22.4049
22.4730
22.5411
22.6092
22.6773
22.7454
22.8135
22.8816
22.9497
23.0178
23.0859
23.1540
23.2221
23.2902
23.3583
23.4264
23.4954
23.5626
23.6307
23.6988
23.7669
23.8350
23.9031
23.9712
24.0393
24.1074
54.1755
24.2436
24.3117
24.3798
24.4479
24.5160
24.5841
24.6522
24.7203
24.7884
24.8565
24.9246
24.9927
25.0608
24.1289
24.1970
25.2651
25.3332
25.4013
25.4694
25.5375
25.6056
25.6737
25.7418
25.8099
25.8780
25.9461
26.0142
26.0823
26.1504
26.2185
26.2866
26.3547
26.4228
26.4909
26.5590
26.6271
26.6952
26.7633
26.8314
26.8995
26.9676
27.0357
27.1038
27.1719
27.2400